169 175.00 154.00 251.00 229.00
170 174.66 153.62 250.52 228.57
171 174.17 152.76 250.04 227.91
172 173.82 152.14 249.71 227.45
173 173.37 151.32 249.16 226.70
174 168.09 143.76 243.21 218.63
175 167.76 142.79 242.84 217.63
176 167.48 141.64 242.80 216.44
177 167.44 141.06 242.84 215.88
178 167.65 140.23 242.62 214.98
179 167.38 139.43 242.34 213.38
180 167.64 138.86 242.51 212.80
181 168.19 137.91 243.18 211.99
182 168.65 137.12 243.95 211.75
183 169.47 135.88 244.66 210.29
184 169.72 134.87 245.02 209.32
185 169.54 133.46 244.42 207.52
186 168.96 132.63 243.65 206.71
187 167.71 131.77 241.30 205.67
188 165.18 131.06 237.71 205.08
189 162.65 131.03 233.92 205.18
190 160.39 130.68 230.51 204.55
191 157.54 131.12 226.21 203.70
192 154.78 133.16 222.52 204.81
193 151.66 135.37 219.31 206.11
194 148.44 137.72 215.59 207.43
195 145.65 139.95 212.35 209.20
196 143.26 142.13 209.10 210.79
197 140.05 143.32 205.51 211.42
198 136.64 145.01 201.98 212.52
199 132.01 145.44 196.05 211.58
200 126.77 146.33 190.42 211.53
201 122.73 146.36 185.81 211.05
202 118.32 146.58 181.06 210.73
203 115.39 146.27 178.00 210.31
204 113.54 146.42 175.83 210.56
205 112.69 145.74 174.84 209.74
206 112.77 144.95 174.75 209.11
207 113.56 144.21 175.03 208.71
208 114.18 142.86 175.54 207.83
209 115.08 140.55 177.13 206.19
210 116.88 138.14 179.28 204.86
211 117.03 134.80 179.49 201.90
212 116.85 131.60 179.62 199.29
213 117.15 127.91 180.06 196.04
214 116.60 123.99 179.64 192.73
215 115.41 118.91 179.04 188.45
216 114.03 112.35 178.21 184.28
217 112.56 107.58 177.28 179.62
218 109.74 102.33 175.18 174.41
219 106.84 98.17 172.93 169.70
220 103.93 93.65 170.59 165.01
221 99.98 88.26 167.48 159.67
222 95.16 83.64 163.51 154.96
223 90.81 79.77 159.60 151.25
224 87.26 78.64 156.09 150.41
225 83.11 78.47 152.05 150.90
226 79.41 80.05 148.27 153.04
227 77.57 81.98 146.55 155.82
228 77.33 84.23 147.30 158.96
229 80.53 87.22 150.64 162.07
230 87.49 89.45 156.47 163.42
231 95.13 92.98 164.33 167.34
232 102.67 95.82 171.15 170.65
233 109.87 98.51 178.71 174.05
234 116.39 101.49 185.24 177.17
235 121.69 104.38 190.43 179.75
236 127.04 107.18 195.86 182.49
237 132.54 110.23 201.25 185.02
238 135.94 113.61 205.35 188.24
239 138.98 116.93 208.84 191.44
240 142.44 120.69 212.86 194.60
241 145.93 124.84 216.66 198.18
242 149.55 128.56 220.86 201.32
243 153.00 131.16 225.06 203.44
244 155.79 134.60 228.71 206.95
245 158.31 137.58 232.02 209.72
246 160.09 138.59 234.33 211.75
247 160.94 140.47 236.11 215.12
248 161.19 140.74 237.14 216.40
249 161.46 139.97 238.39 216.84
250 161.47 139.08 239.26 217.03
251 161.16 138.04 239.88 216.95
252 160.94 136.13 240.76 216.39
253 161.52 135.05 242.24 216.59
254 163.48 134.77 244.72 216.92
255 165.99 135.50 248.27 219.16
256 169.05 136.71 252.23 221.29
257 172.72 137.07 257.25 222.51
258 175.11 136.66 261.81 223.92
259 177.53 136.29 267.26 225.07
260 179.53 134.66 270.68 225.46
261 180.76 133.37 273.32 225.45
262 181.88 133.90 275.68 226.72
263 182.88 132.91 277.89 226.86
264 183.26 131.00 279.26 226.87
265 184.21 128.72 281.03 225.06
266 186.05 125.93 283.59 222.35
267 186.55 123.13 284.23 219.33
268 186.92 121.38 284.60 217.28
269 187.74 121.08 284.87 216.16
270 188.26 122.91 284.30 217.61
271 187.80 124.04 281.53 217.15
272 186.92 127.19 278.58 218.22
273 184.54 130.94 273.69 220.66
274 183.36 134.74 270.56 222.60
275 182.85 137.02 268.14 224.21
276 181.49 140.35 265.18 227.93
277 181.38 143.89 263.51 232.58
278 181.88 149.04 263.44 238.02
279 182.20 156.02 263.82 244.99
280 181.73 163.36 263.21 251.61
281 181.91 169.45 263.07 256.14
282 182.67 174.64 263.74 260.07
283 184.44 179.40 265.22 263.73
284 185.22 183.04 265.20 266.06
285 185.88 184.41 265.51 266.78
286 184.76 180.16 265.24 262.55
287 184.14 164.11 263.72 246.94
288 185.02 136.22 262.81 221.82
289 186.10 101.71 261.05 190.23
290 188.10 57.45 259.60 149.38
291 186.94 21.15 258.65 113.63
292 184.76 0.00 260.31 89.61
293 183.15 0.00 261.78 77.43
294 186.20 0.00 261.57 69.04
295 181.47 0.00 257.30 62.36
296 175.82 0.00 254.12 59.72
297 176.40 0.00 255.79 66.12
298 176.15 9.42 257.95 93.14
299 174.49 30.86 256.56 122.74
300 167.81 76.14 252.81 171.15
301 167.70 121.39 252.37 211.43
302 170.69 146.22 251.26 235.61
303 174.07 149.91 253.50 241.06
304 179.37 153.41 258.22 244.93
305 184.33 157.58 262.58 248.59
306 185.34 157.14 263.44 249.64
307 183.35 156.73 261.71 249.82
308 182.04 157.73 260.58 251.16
309 182.49 157.72 260.42 251.41
310 182.11 157.42 259.87 251.36
311 181.96 156.76 258.89 250.82
312 182.56 155.46 258.49 249.91
313 182.71 154.79 258.09 249.33
314 184.10 155.58 258.16 249.46
315 184.86 158.17 258.64 251.47
316 183.64 161.27 257.38 253.76
317 182.98 164.70 256.59 256.11
318 182.61 168.51 256.14 258.60
319 182.84 172.87 255.97 261.60
320 180.89 174.93 253.98 261.97
321 180.76 160.82 252.39 249.72
322 184.04 136.34 252.73 224.32
323 189.11 104.85 258.01 199.55
324 195.79 75.13 264.66 179.29
325 198.81 48.48 269.47 155.76
326 201.43 27.34 274.06 135.89
327 207.12 14.48 279.34 123.21
328 212.44 9.63 283.79 116.61
329 219.56 12.57 287.32 112.52
330 224.01 24.62 292.67 125.45
331 226.05 44.85 296.07 145.16
332 228.60 72.01 298.20 175.51
333 232.77 116.97 304.80 225.25
334 241.71 147.06 314.36 247.63
335 240.68 162.37 311.51 259.31
336 241.40 169.78 313.17 264.56
337 246.91 171.94 319.53 267.01
338 251.69 172.80 324.61 268.17
339 252.30 174.79 325.65 270.66
340 249.50 177.73 322.45 272.25
341 246.18 180.99 318.14 273.09
342 244.37 181.19 315.96 271.98
343 243.90 181.11 314.40 271.00
344 243.22 181.03 312.51 269.33
345 241.62 181.72 309.91 268.29
346 239.55 183.23 307.05 268.58
347 236.30 186.92 303.74 271.06
348 233.68 194.15 301.45 276.16
349 231.24 202.59 299.41 282.82
350 229.08 211.45 297.13 289.45
351 226.36 214.63 294.89 290.14
352 223.40 205.84 293.92 283.06
353 219.81 185.45 293.23 261.92
354 215.90 153.81 287.75 230.42
355 213.28 118.55 285.10 201.10
356 215.02 78.66 281.48 169.63
357 218.40 48.26 283.29 137.63
358 218.84 22.77 285.37 111.48
359 214.40 4.75 287.43 90.96
360 215.73 0.00 288.27 72.97
361 222.16 0.00 288.76 67.23
362 223.33 0.85 289.95 71.66
363 224.36 7.45 292.25 83.31
364 220.24 26.06 292.30 104.30
365 217.85 56.85 292.18 138.94
366 214.52 83.89 291.86 170.83
367 210.73 132.82 291.54 220.86
368 210.86 152.13 288.28 237.27
369 212.57 158.72 289.86 244.84
370 220.61 164.16 296.60 249.85
371 226.42 165.01 301.76 250.43
372 230.08 164.55 305.05 249.86
373 231.12 163.00 305.86 249.40
374 231.81 162.57 306.28 249.02
375 231.60 161.23 306.68 248.08
376 231.15 159.84 306.73 247.26
377 230.25 157.78 306.20 245.69
378 229.05 154.98 305.01 243.70
379 225.86 153.47 302.68 243.00
380 224.09 151.69 301.70 242.61
381 223.35 151.04 301.08 242.50
382 221.94 151.18 299.90 243.05
383 219.88 150.61 298.24 243.01
384 217.99 150.21 297.19 242.99
385 215.77 150.06 295.05 243.39
386 216.12 147.87 292.24 242.00
387 216.79 146.95 290.65 241.41
388 217.69 146.85 291.26 241.27
389 219.05 146.45 292.40 240.85
390 221.44 147.74 293.66 241.07
391 222.74 149.57 294.36 242.50
392 223.61 152.93 294.96 244.84
393 224.28 156.81 295.61 247.21
394 223.96 159.67 295.67 249.12
395 220.79 156.01 294.48 243.49
396 214.96 132.64 289.90 219.88
397 212.34 95.21 287.83 195.72
398 213.04 59.60 283.97 166.71
399 211.13 32.23 280.93 135.49
400 208.39 7.87 279.73 110.75
401 203.40 0.00 279.89 97.45
402 195.30 0.00 274.57 87.74
403 195.44 0.00 273.14 84.34
404 198.30 0.00 270.17 86.67
405 194.08 0.87 268.56 100.63
406 183.97 22.08 265.82 129.10
407 179.28 56.08 264.83 174.83
408 177.01 84.85 262.93 195.41
409 174.13 105.88 261.66 213.73
410 174.12 115.33 261.86 222.63
411 175.54 122.23 263.48 229.76
412 179.36 127.70 266.36 233.86
413 182.85 129.26 269.36 234.85
414 183.85 129.16 271.66 234.57
415 184.42 128.00 273.35 233.32
416 183.90 126.81 273.48 232.08
417 183.37 125.16 273.15 230.10
418 184.17 122.38 273.72 227.70
419 185.96 120.05 274.45 226.47
420 186.50 118.95 275.11 225.18
421 187.93 118.55 275.10 225.21
422 187.96 118.56 273.60 224.97
423 187.88 119.69 271.70 225.90
424 187.57 121.27 270.39 227.48
425 186.83 123.25 268.32 228.86
426 184.08 123.35 265.37 228.91
427 180.35 122.91 261.27 227.85
428 173.22 121.84 253.72 226.82
429 165.08 120.19 245.53 225.23
430 156.53 116.42 237.99 222.19
431 146.92 113.57 230.23 220.24
432 138.53 111.64 223.12 218.86
433 130.33 110.55 214.72 217.80
434 121.58 109.92 205.70 216.87
435 112.06 109.04 196.61 215.64
436 104.97 109.02 189.21 215.67
437 98.47 109.65 181.72 215.90
438 91.92 108.67 173.65 214.67
439 86.47 107.89 166.86 213.51
440 81.88 107.15 162.09 213.53
441 79.20 103.68 159.38 211.36
442 77.72 101.19 158.25 209.78
443 77.11 99.58 158.65 209.35
444 77.61 98.21 160.59 209.43
445 78.65 98.80 163.51 211.41
446 78.53 99.25 165.18 212.97
447 79.83 100.46 168.71 215.61
448 82.39 101.65 173.31 218.01
449 86.63 103.69 179.23 220.90
450 93.43 104.87 187.17 223.32
451 101.91 105.66 196.85 226.20
452 112.48 106.86 209.15 229.66
453 124.94 107.71 223.20 232.25
454 138.49 109.47 237.79 234.24
455 154.35 111.94 253.59 237.55
456 170.92 114.94 268.67 242.48
457 182.39 117.89 278.11 245.90
458 191.59 122.29 287.03 249.29
459 199.84 126.21 292.67 251.85
460 205.24 129.76 296.34 254.71
461 208.54 134.65 298.48 258.67
462 211.29 139.87 300.22 263.01
463 213.44 145.06 301.44 267.79
464 214.16 151.17 301.63 273.73
465 213.55 158.67 300.19 280.33
466 210.24 166.06 295.80 285.86
467 205.27 173.88 290.24 290.15
468 196.65 180.19 281.36 292.59
469 187.89 184.13 272.59 293.62
470 179.75 187.78 263.22 295.15
471 167.99 188.24 251.32 294.28
472 156.95 188.59 239.62 293.66
473 145.33 186.95 228.07 291.99
474 131.10 182.79 214.49 288.51
475 117.79 177.21 201.70 284.53
476 105.03 171.21 189.80 279.49
477 93.50 165.91 178.47 274.66
478 82.84 160.29 168.06 269.38
479 70.94 153.01 157.40 263.05
480 60.48 144.64 148.00 256.36
481 50.04 134.75 140.51 249.09
482 39.77 123.73 133.07 241.13
483 31.58 113.20 127.42 234.50
484 23.51 102.17 123.94 226.55
485 16.82 92.40 120.43 219.84
486 12.03 81.17 118.11 212.00
487 8.60 71.98 117.10 205.08
488 6.53 63.56 116.08 198.98
489 5.29 56.30 114.99 193.37
490 4.77 52.42 115.22 190.40
491 5.45 50.67 116.41 189.39
492 7.94 49.52 119.38 189.22
493 13.38 49.37 124.36 188.57
494 21.21 50.86 131.48 188.67
495 29.44 53.34 139.37 189.42
496 40.19 56.51 150.04 191.15
497 52.47 60.11 161.37 194.66
498 65.75 63.98 171.69 197.39
499 77.74 69.82 184.27 201.58
500 90.78 75.94 196.34 204.30
501 104.84 80.94 208.35 207.12
502 118.87 85.82 218.70 209.64
503 131.51 90.75 228.85 212.39
504 144.03 95.16 239.14 215.05
505 157.14 98.13 250.18 217.17
506 169.04 100.22 259.47 217.72
507 180.14 103.55 268.56 219.18
508 190.82 106.51 277.50 221.02
509 202.89 111.09 288.91 224.87
510 214.23 114.69 300.20 228.35
511 226.26 118.79 311.51 232.28
512 238.40 123.86 323.01 236.76
513 249.66 127.92 334.44 240.47
514 260.18 129.81 345.79 242.33
515 271.46 130.44 357.43 243.13
516 285.95 129.33 373.31 242.69
517 297.65 124.70 386.94 240.27
518 305.63 119.49 395.64 238.92
519 313.32 121.08 408.16 241.60
520 320.12 123.84 420.24 243.49
521 327.65 127.06 429.61 243.60
522 334.49 128.60 436.72 241.58
523 341.70 129.29 443.44 239.40
524 348.69 130.93 450.17 237.71
525 354.00 132.75 455.84 236.75
526 356.74 135.13 460.13 237.21
527 359.48 136.44 464.87 236.37
528 361.62 137.88 468.23 235.52
529 362.91 139.64 470.02 236.00
530 361.18 145.11 468.44 241.83
531 358.87 152.54 466.68 250.42
532 357.21 160.36 465.19 258.76
533 353.55 169.52 461.47 267.78
534 348.98 178.37 455.57 275.49
535 341.98 186.00 447.60 281.47
536 334.62 194.58 439.31 289.08
537 325.08 203.54 428.13 297.47
538 315.71 211.71 417.04 304.94
539 308.56 220.39 406.69 312.92
540 300.65 230.32 395.52 321.64
541 292.39 237.03 384.20 327.28
542 282.34 243.79 372.90 333.19
543 271.10 250.10 360.65 338.53
544 259.07 251.38 347.68 339.18
545 243.51 251.23 332.66 339.84
546 231.52 248.12 319.94 340.09
547 223.34 241.71 307.91 338.60
548 213.07 235.34 296.56 334.18
549 200.33 230.21 281.15 332.20
550 189.50 225.14 270.15 327.87
551 179.41 219.36 259.17 322.12
552 169.69 213.24 248.62 315.34
553 161.08 206.20 240.86 307.05
554 155.03 196.00 233.97 297.14
555 150.45 189.60 228.85 289.59
556 148.44 180.03 227.09 280.38
557 147.41 170.35 226.35 271.42
558 147.42 159.60 226.50 261.70
559 149.45 150.73 229.67 253.54
560 152.05 142.43 232.42 246.01
561 154.71 135.31 235.25 238.86
562 158.41 130.75 239.92 235.11
563 162.16 125.25 244.61 230.57
564 164.40 120.48 248.23 227.12
565 166.63 115.08 250.61 222.01
566 167.12 108.92 251.79 217.03
567 167.02 103.43 252.13 211.73
568 166.06 99.69 251.49 208.19
569 163.05 97.92 249.30 206.64
570 157.90 96.21 244.26 205.79
571 153.66 95.90 240.56 206.14
572 150.85 96.96 238.52 208.06
573 149.44 97.53 237.96 209.42
574 150.75 99.56 241.46 213.42
575 155.17 102.96 247.42 217.96
576 160.93 107.73 254.03 222.17
577 167.73 112.65 260.98 226.94
578 173.46 118.95 267.25 234.90
579 177.34 125.81 272.30 241.98
580 180.75 131.63 276.69 247.81
581 182.90 134.97 278.99 251.07
582 187.58 136.16 283.63 252.19
583 191.93 137.02 287.82 253.00
584 195.81 137.34 291.12 252.41
585 196.86 137.70 292.06 252.74
586 196.44 137.59 291.70 252.19
587 195.70 137.34 291.10 251.42
588 194.57 136.16 290.15 249.74
589 193.59 134.82 289.29 247.92
590 192.64 133.43 288.03 245.68
591 192.04 132.19 287.31 243.77
592 191.74 130.73 287.16 241.53
593 191.35 129.35 286.87 239.35
594 191.04 127.89 286.54 236.94
595 190.77 125.68 286.52 234.35
596 191.25 122.44 286.55 230.03
597 191.04 120.04 286.49 227.45
598 190.97 119.57 286.69 227.11
599 190.60 118.74 286.77 226.44
